0.0 0.0 0.0 0.0 0.0 0.0 1.0 0.0
1.1 0.2 0.1 0.1 0.0523 0.1045 0.9914 0.0
1.2 0.4 0.2 0.2 0.1045 0.2079 0.9734 0.0
1.3 0.6 0.3 0.3 0.1564 0.3090 0.9397 0.0
1.4 0.8 0.4 0.4 0.2079 0.4067 0.8910 0.0
1.5 1.0 0.5 0.5 0.2588 0.5 0.8281 0.0
1.6 1.2 0.6 0.6 0.3090 0.5878 0.7547 0.0
1.7 1.4 0.7 0.7 0.3584 0.6691 0.6736 0.0
1.8 1.6 0.8 0.8 0.4067 0.7431 0.5868 0.0
1.9 1.8 0.9 0.9 0.4539 0.8090 0.4951 0.0
2.0 2.0 1.0 1.0 0.5 0.8660 0.3992 0.0
2.1 2.2 1.1 1.1 0.5446 0.9135 0.3005 0.0
2.2 2.4 1.2 1.2 0.5878 0.9511 0.2000 0.0
2.3 2.6 1.3 1.3 0.6293 0.9781 0.0977 0.0
2.4 2.8 1.4 1.4 0.6691 0.9945 -0.0628 0.0
2.5 3.0 1.5 1.5 0.7071 1.0 -0.2249 0.0
2.6 2.8 1.6 1.4 0.7431 0.9945 -0.3899 0.0
2.7 2.6 1.7 1.3 0.7771 0.9781 -0.5556 0.0
2.8 2.4 1.8 1.2 0.8090 0.9511 -0.7207 0.0
2.9 2.2 1.9 1.1 0.8387 0.9135 -0.8843 0.0
3.0 2.0 2.0 1.0 0.8660 0.8660 -1.0 0.0
3.1 1.8 2.1 0.9 0.8910 0.8090 -0.8957 0.0
3.2 1.6 2.2 0.8 0.9135 0.7431 -0.7654 0.0
3.3 1.4 2.3 0.7 0.9335 0.6691 -0.6088 0.0
3.4 1.2 2.4 0.6 0.9511 0.5878 -0.4339 0.0
3.5 1.0 2.5 0.5 0.9659 0.5 -0.2419 0.0
3.6 0.8 2.6 0.4 0.9781 0.4067 -0.0338 0.0
3.7 0.6 2.7 0.3 0.9877 0.3090 0.1779 0.0
3.8 0.4 2.8 0.2 0.9945 0.2079 0.3876 0.0
3.9 0.2 2.9 0.1 0.9986 0.1045 0.5948 0.0
4.0 0.0 3.0 0.0 1.0 0.0 0.7954 0.0
4.1 -0.2 2.9 -0.1 0.9986 -0.1045 0.8878 0.0
4.2 -0.4 2.8 -0.2 0.9945 -0.2079 0.9659 0.0
4.3 -0.6 2.7 -0.3 0.9877 -0.3090 1.0 0.0
4.4 -0.8 2.6 -0.4 0.9781 -0.4067 0.9986 0.0
4.5 -1.0 2.5 -0.5 0.9659 -0.5 0.9659 0.0
4.6 -1.0 2.3 -0.6 0.9511 -0.5878 0.9135 0.0
4.7 -1.0 2.1 -0.7 0.9335 -0.6691 0.8387 0.0
4.8 -1.0 1.9 -0.8 0.9135 -0.7431 0.7431 0.0
4.9 -1.0 1.7 -0.9 0.8910 -0.8090 0.6293 0.0
5.0 -1.0 1.5 -1.0 0.8660 -0.8660 0.5 0.0